1 0 0 0 0 0 0 
0 1 1 1 1 1 1 
0 1 1 1 1 1 1 
0 1 1 1 1 1 1 
0 1 1 1 1 1 1 
0 1 1 1 1 1 1 
0 1 1 1 1 1 1 

[frozenset({7}), frozenset({3}), frozenset({6}), frozenset({5}), frozenset({4}), frozenset({1, 2})]
1 1 0 0 0 0 0 
1 1 0 0 0 0 0 
0 0 1 0 0 0 0 
0 0 0 1 0 0 0 
0 0 0 0 1 0 0 
0 0 0 0 0 1 0 
0 0 0 0 0 0 1 

[frozenset({2}), frozenset({7}), frozenset({6}), frozenset({5}), frozenset({4}), frozenset({1, 3})]
1 0 1 0 0 0 0 
0 1 0 0 0 0 0 
1 0 1 0 0 0 0 
0 0 0 1 0 0 0 
0 0 0 0 1 0 0 
0 0 0 0 0 1 0 
0 0 0 0 0 0 1 

[frozenset({2}), frozenset({7}), frozenset({3}), frozenset({6}), frozenset({5}), frozenset({1, 4})]
1 0 0 1 0 0 0 
0 1 0 0 0 0 0 
0 0 1 0 0 0 0 
1 0 0 1 0 0 0 
0 0 0 0 1 0 0 
0 0 0 0 0 1 0 
0 0 0 0 0 0 1 

[frozenset({2}), frozenset({7}), frozenset({3}), frozenset({6}), frozenset({4}), frozenset({1, 5})]
1 0 0 0 1 0 0 
0 1 0 0 0 0 0 
0 0 1 0 0 0 0 
0 0 0 1 0 0 0 
1 0 0 0 1 0 0 
0 0 0 0 0 1 0 
0 0 0 0 0 0 1 

[frozenset({2}), frozenset({7}), frozenset({3}), frozenset({4}), frozenset({5}), frozenset({1, 6})]
1 0 0 0 0 1 0 
0 1 0 0 0 0 0 
0 0 1 0 0 0 0 
0 0 0 1 0 0 0 
0 0 0 0 1 0 0 
1 0 0 0 0 1 0 
0 0 0 0 0 0 1 

[frozenset({2}), frozenset({3}), frozenset({6}), frozenset({5}), frozenset({4}), frozenset({1, 7})]
1 0 0 0 0 0 1 
0 1 0 0 0 0 0 
0 0 1 0 0 0 0 
0 0 0 1 0 0 0 
0 0 0 0 1 0 0 
0 0 0 0 0 1 0 
1 0 0 0 0 0 1 

#########################################

1 0 0 0 0 0 0 
0 1 0 0 0 0 0 
0 0 1 1 1 1 1 
0 0 1 1 1 1 1 
0 0 1 1 1 1 1 
0 0 1 1 1 1 1 
0 0 1 1 1 1 1 

1 0 1 0 0 0 0 
0 1 1 0 0 0 0 
1 1 1 0 0 0 0 
0 0 0 1 0 0 0 
0 0 0 0 1 0 0 
0 0 0 0 0 1 0 
0 0 0 0 0 0 1 

[frozenset({7}), frozenset({6}), frozenset({4}), frozenset({5}), frozenset({1, 2, 3})]
1 1 1 0 0 0 0 
1 1 1 0 0 0 0 
1 1 1 0 0 0 0 
0 0 0 1 0 0 0 
0 0 0 0 1 0 0 
0 0 0 0 0 1 0 
0 0 0 0 0 0 1 

[frozenset({7}), frozenset({6}), frozenset({5}), frozenset({1, 4}), frozenset({2, 3})]
1 0 0 1 0 0 0 
0 1 1 0 0 0 0 
0 1 1 0 0 0 0 
1 0 0 1 0 0 0 
0 0 0 0 1 0 0 
0 0 0 0 0 1 0 
0 0 0 0 0 0 1 

[frozenset({7}), frozenset({6}), frozenset({4}), frozenset({2, 3}), frozenset({1, 5})]
1 0 0 0 1 0 0 
0 1 1 0 0 0 0 
0 1 1 0 0 0 0 
0 0 0 1 0 0 0 
1 0 0 0 1 0 0 
0 0 0 0 0 1 0 
0 0 0 0 0 0 1 

[frozenset({7}), frozenset({5}), frozenset({4}), frozenset({2, 3}), frozenset({1, 6})]
1 0 0 0 0 1 0 
0 1 1 0 0 0 0 
0 1 1 0 0 0 0 
0 0 0 1 0 0 0 
0 0 0 0 1 0 0 
1 0 0 0 0 1 0 
0 0 0 0 0 0 1 

[frozenset({6}), frozenset({5}), frozenset({4}), frozenset({1, 7}), frozenset({2, 3})]
1 0 0 0 0 0 1 
0 1 1 0 0 0 0 
0 1 1 0 0 0 0 
0 0 0 1 0 0 0 
0 0 0 0 1 0 0 
0 0 0 0 0 1 0 
1 0 0 0 0 0 1 

[frozenset({7}), frozenset({6}), frozenset({5}), frozenset({2, 4}), frozenset({1, 3})]
1 0 1 0 0 0 0 
0 1 0 1 0 0 0 
1 0 1 0 0 0 0 
0 1 0 1 0 0 0 
0 0 0 0 1 0 0 
0 0 0 0 0 1 0 
0 0 0 0 0 0 1 

[frozenset({7}), frozenset({3}), frozenset({6}), frozenset({5}), frozenset({1, 2, 4})]
1 1 0 1 0 0 0 
1 1 0 1 0 0 0 
0 0 1 0 0 0 0 
1 1 0 1 0 0 0 
0 0 0 0 1 0 0 
0 0 0 0 0 1 0 
0 0 0 0 0 0 1 

[frozenset({7}), frozenset({3}), frozenset({6}), frozenset({2, 4}), frozenset({1, 5})]
1 0 0 0 1 0 0 
0 1 0 1 0 0 0 
0 0 1 0 0 0 0 
0 1 0 1 0 0 0 
1 0 0 0 1 0 0 
0 0 0 0 0 1 0 
0 0 0 0 0 0 1 

[frozenset({7}), frozenset({3}), frozenset({5}), frozenset({2, 4}), frozenset({1, 6})]
1 0 0 0 0 1 0 
0 1 0 1 0 0 0 
0 0 1 0 0 0 0 
0 1 0 1 0 0 0 
0 0 0 0 1 0 0 
1 0 0 0 0 1 0 
0 0 0 0 0 0 1 

[frozenset({3}), frozenset({6}), frozenset({5}), frozenset({1, 7}), frozenset({2, 4})]
1 0 0 0 0 0 1 
0 1 0 1 0 0 0 
0 0 1 0 0 0 0 
0 1 0 1 0 0 0 
0 0 0 0 1 0 0 
0 0 0 0 0 1 0 
1 0 0 0 0 0 1 

[frozenset({7}), frozenset({6}), frozenset({4}), frozenset({2, 5}), frozenset({1, 3})]
1 0 1 0 0 0 0 
0 1 0 0 1 0 0 
1 0 1 0 0 0 0 
0 0 0 1 0 0 0 
0 1 0 0 1 0 0 
0 0 0 0 0 1 0 
0 0 0 0 0 0 1 

[frozenset({7}), frozenset({3}), frozenset({6}), frozenset({1, 4}), frozenset({2, 5})]
1 0 0 1 0 0 0 
0 1 0 0 1 0 0 
0 0 1 0 0 0 0 
1 0 0 1 0 0 0 
0 1 0 0 1 0 0 
0 0 0 0 0 1 0 
0 0 0 0 0 0 1 

[frozenset({7}), frozenset({3}), frozenset({6}), frozenset({4}), frozenset({1, 2, 5})]
1 1 0 0 1 0 0 
1 1 0 0 1 0 0 
0 0 1 0 0 0 0 
0 0 0 1 0 0 0 
1 1 0 0 1 0 0 
0 0 0 0 0 1 0 
0 0 0 0 0 0 1 

[frozenset({7}), frozenset({3}), frozenset({4}), frozenset({2, 5}), frozenset({1, 6})]
1 0 0 0 0 1 0 
0 1 0 0 1 0 0 
0 0 1 0 0 0 0 
0 0 0 1 0 0 0 
0 1 0 0 1 0 0 
1 0 0 0 0 1 0 
0 0 0 0 0 0 1 

[frozenset({3}), frozenset({6}), frozenset({4}), frozenset({1, 7}), frozenset({2, 5})]
1 0 0 0 0 0 1 
0 1 0 0 1 0 0 
0 0 1 0 0 0 0 
0 0 0 1 0 0 0 
0 1 0 0 1 0 0 
0 0 0 0 0 1 0 
1 0 0 0 0 0 1 

[frozenset({7}), frozenset({5}), frozenset({4}), frozenset({2, 6}), frozenset({1, 3})]
1 0 1 0 0 0 0 
0 1 0 0 0 1 0 
1 0 1 0 0 0 0 
0 0 0 1 0 0 0 
0 0 0 0 1 0 0 
0 1 0 0 0 1 0 
0 0 0 0 0 0 1 

[frozenset({7}), frozenset({3}), frozenset({5}), frozenset({1, 4}), frozenset({2, 6})]
1 0 0 1 0 0 0 
0 1 0 0 0 1 0 
0 0 1 0 0 0 0 
1 0 0 1 0 0 0 
0 0 0 0 1 0 0 
0 1 0 0 0 1 0 
0 0 0 0 0 0 1 

[frozenset({7}), frozenset({3}), frozenset({4}), frozenset({2, 6}), frozenset({1, 5})]
1 0 0 0 1 0 0 
0 1 0 0 0 1 0 
0 0 1 0 0 0 0 
0 0 0 1 0 0 0 
1 0 0 0 1 0 0 
0 1 0 0 0 1 0 
0 0 0 0 0 0 1 

[frozenset({7}), frozenset({3}), frozenset({5}), frozenset({4}), frozenset({1, 2, 6})]
1 1 0 0 0 1 0 
1 1 0 0 0 1 0 
0 0 1 0 0 0 0 
0 0 0 1 0 0 0 
0 0 0 0 1 0 0 
1 1 0 0 0 1 0 
0 0 0 0 0 0 1 

[frozenset({3}), frozenset({5}), frozenset({4}), frozenset({1, 7}), frozenset({2, 6})]
1 0 0 0 0 0 1 
0 1 0 0 0 1 0 
0 0 1 0 0 0 0 
0 0 0 1 0 0 0 
0 0 0 0 1 0 0 
0 1 0 0 0 1 0 
1 0 0 0 0 0 1 

[frozenset({6}), frozenset({5}), frozenset({4}), frozenset({1, 3}), frozenset({2, 7})]
1 0 1 0 0 0 0 
0 1 0 0 0 0 1 
1 0 1 0 0 0 0 
0 0 0 1 0 0 0 
0 0 0 0 1 0 0 
0 0 0 0 0 1 0 
0 1 0 0 0 0 1 

[frozenset({3}), frozenset({6}), frozenset({5}), frozenset({1, 4}), frozenset({2, 7})]
1 0 0 1 0 0 0 
0 1 0 0 0 0 1 
0 0 1 0 0 0 0 
1 0 0 1 0 0 0 
0 0 0 0 1 0 0 
0 0 0 0 0 1 0 
0 1 0 0 0 0 1 

[frozenset({3}), frozenset({6}), frozenset({4}), frozenset({1, 5}), frozenset({2, 7})]
1 0 0 0 1 0 0 
0 1 0 0 0 0 1 
0 0 1 0 0 0 0 
0 0 0 1 0 0 0 
1 0 0 0 1 0 0 
0 0 0 0 0 1 0 
0 1 0 0 0 0 1 

[frozenset({3}), frozenset({4}), frozenset({5}), frozenset({1, 6}), frozenset({2, 7})]
1 0 0 0 0 1 0 
0 1 0 0 0 0 1 
0 0 1 0 0 0 0 
0 0 0 1 0 0 0 
0 0 0 0 1 0 0 
1 0 0 0 0 1 0 
0 1 0 0 0 0 1 

[frozenset({3}), frozenset({6}), frozenset({5}), frozenset({4}), frozenset({1, 2, 7})]
1 1 0 0 0 0 1 
1 1 0 0 0 0 1 
0 0 1 0 0 0 0 
0 0 0 1 0 0 0 
0 0 0 0 1 0 0 
0 0 0 0 0 1 0 
1 1 0 0 0 0 1 

#########################################

1 1 0 0 0 0 0 
1 1 0 0 0 0 0 
0 0 1 1 0 0 0 
0 0 1 1 0 0 0 
0 0 0 0 1 1 0 
0 0 0 0 1 1 0 
0 0 0 0 0 0 1 

[frozenset({2, 4, 5}), frozenset({1, 3, 6, 7})]
1 0 1 0 0 1 1 
0 1 0 1 1 0 0 
1 0 1 0 0 1 1 
0 1 0 1 1 0 0 
0 1 0 1 1 0 0 
1 0 1 0 0 1 1 
1 0 1 0 0 1 1 

[frozenset({1, 4, 5}), frozenset({2, 3, 6, 7})]
1 0 0 1 1 0 0 
0 1 1 0 0 1 1 
0 1 1 0 0 1 1 
1 0 0 1 1 0 0 
1 0 0 1 1 0 0 
0 1 1 0 0 1 1 
0 1 1 0 0 1 1 

[frozenset({2, 3, 5}), frozenset({1, 4, 6, 7})]
1 0 0 1 0 1 1 
0 1 1 0 1 0 0 
0 1 1 0 1 0 0 
1 0 0 1 0 1 1 
0 1 1 0 1 0 0 
1 0 0 1 0 1 1 
1 0 0 1 0 1 1 

[frozenset({1, 3, 5}), frozenset({2, 4, 6, 7})]
1 0 1 0 1 0 0 
0 1 0 1 0 1 1 
1 0 1 0 1 0 0 
0 1 0 1 0 1 1 
1 0 1 0 1 0 0 
0 1 0 1 0 1 1 
0 1 0 1 0 1 1 

[frozenset({2, 4, 6}), frozenset({1, 3, 5, 7})]
1 0 1 0 1 0 1 
0 1 0 1 0 1 0 
1 0 1 0 1 0 1 
0 1 0 1 0 1 0 
1 0 1 0 1 0 1 
0 1 0 1 0 1 0 
1 0 1 0 1 0 1 

[frozenset({1, 4, 6}), frozenset({2, 3, 5, 7})]
1 0 0 1 0 1 0 
0 1 1 0 1 0 1 
0 1 1 0 1 0 1 
1 0 0 1 0 1 0 
0 1 1 0 1 0 1 
1 0 0 1 0 1 0 
0 1 1 0 1 0 1 

[frozenset({2, 3, 6}), frozenset({1, 4, 5, 7})]
1 0 0 1 1 0 1 
0 1 1 0 0 1 0 
0 1 1 0 0 1 0 
1 0 0 1 1 0 1 
1 0 0 1 1 0 1 
0 1 1 0 0 1 0 
1 0 0 1 1 0 1 

[frozenset({1, 3, 6}), frozenset({2, 4, 5, 7})]
1 0 1 0 0 1 0 
0 1 0 1 1 0 1 
1 0 1 0 0 1 0 
0 1 0 1 1 0 1 
0 1 0 1 1 0 1 
1 0 1 0 0 1 0 
0 1 0 1 1 0 1 

[frozenset({1}), frozenset({2, 4, 5}), frozenset({3, 6, 7})]
1 0 0 0 0 0 0 
0 1 0 1 1 0 0 
0 0 1 0 0 1 1 
0 1 0 1 1 0 0 
0 1 0 1 1 0 0 
0 0 1 0 0 1 1 
0 0 1 0 0 1 1 

[frozenset({1}), frozenset({4, 5}), frozenset({2, 3, 6, 7})]
1 0 0 0 0 0 0 
0 1 1 0 0 1 1 
0 1 1 0 0 1 1 
0 0 0 1 1 0 0 
0 0 0 1 1 0 0 
0 1 1 0 0 1 1 
0 1 1 0 0 1 1 

[frozenset({2}), frozenset({3, 6, 7}), frozenset({1, 4, 5})]
1 0 0 1 1 0 0 
0 1 0 0 0 0 0 
0 0 1 0 0 1 1 
1 0 0 1 1 0 0 
1 0 0 1 1 0 0 
0 0 1 0 0 1 1 
0 0 1 0 0 1 1 

[frozenset({2}), frozenset({4, 5}), frozenset({1, 3, 6, 7})]
1 0 1 0 0 1 1 
0 1 0 0 0 0 0 
1 0 1 0 0 1 1 
0 0 0 1 1 0 0 
0 0 0 1 1 0 0 
1 0 1 0 0 1 1 
1 0 1 0 0 1 1 

[frozenset({6, 7}), frozenset({2, 3}), frozenset({1, 4, 5})]
1 0 0 1 1 0 0 
0 1 1 0 0 0 0 
0 1 1 0 0 0 0 
1 0 0 1 1 0 0 
1 0 0 1 1 0 0 
0 0 0 0 0 1 1 
0 0 0 0 0 1 1 

[frozenset({4, 5}), frozenset({2, 3}), frozenset({1, 6, 7})]
1 0 0 0 0 1 1 
0 1 1 0 0 0 0 
0 1 1 0 0 0 0 
0 0 0 1 1 0 0 
0 0 0 1 1 0 0 
1 0 0 0 0 1 1 
1 0 0 0 0 1 1 

[frozenset({6, 7}), frozenset({1, 3}), frozenset({2, 4, 5})]
1 0 1 0 0 0 0 
0 1 0 1 1 0 0 
1 0 1 0 0 0 0 
0 1 0 1 1 0 0 
0 1 0 1 1 0 0 
0 0 0 0 0 1 1 
0 0 0 0 0 1 1 

[frozenset({3}), frozenset({2, 4, 5}), frozenset({1, 6, 7})]
1 0 0 0 0 1 1 
0 1 0 1 1 0 0 
0 0 1 0 0 0 0 
0 1 0 1 1 0 0 
0 1 0 1 1 0 0 
1 0 0 0 0 1 1 
1 0 0 0 0 1 1 

[frozenset({4, 5}), frozenset({1, 3}), frozenset({2, 6, 7})]
1 0 1 0 0 0 0 
0 1 0 0 0 1 1 
1 0 1 0 0 0 0 
0 0 0 1 1 0 0 
0 0 0 1 1 0 0 
0 1 0 0 0 1 1 
0 1 0 0 0 1 1 

[frozenset({3}), frozenset({1, 4, 5}), frozenset({2, 6, 7})]
1 0 0 1 1 0 0 
0 1 0 0 0 1 1 
0 0 1 0 0 0 0 
1 0 0 1 1 0 0 
1 0 0 1 1 0 0 
0 1 0 0 0 1 1 
0 1 0 0 0 1 1 

[frozenset({1}), frozenset({2, 3, 5}), frozenset({4, 6, 7})]
1 0 0 0 0 0 0 
0 1 1 0 1 0 0 
0 1 1 0 1 0 0 
0 0 0 1 0 1 1 
0 1 1 0 1 0 0 
0 0 0 1 0 1 1 
0 0 0 1 0 1 1 

[frozenset({1}), frozenset({3, 5}), frozenset({2, 4, 6, 7})]
1 0 0 0 0 0 0 
0 1 0 1 0 1 1 
0 0 1 0 1 0 0 
0 1 0 1 0 1 1 
0 0 1 0 1 0 0 
0 1 0 1 0 1 1 
0 1 0 1 0 1 1 

[frozenset({2}), frozenset({4, 6, 7}), frozenset({1, 3, 5})]
1 0 1 0 1 0 0 
0 1 0 0 0 0 0 
1 0 1 0 1 0 0 
0 0 0 1 0 1 1 
1 0 1 0 1 0 0 
0 0 0 1 0 1 1 
0 0 0 1 0 1 1 

[frozenset({2}), frozenset({3, 5}), frozenset({1, 4, 6, 7})]
1 0 0 1 0 1 1 
0 1 0 0 0 0 0 
0 0 1 0 1 0 0 
1 0 0 1 0 1 1 
0 0 1 0 1 0 0 
1 0 0 1 0 1 1 
1 0 0 1 0 1 1 

[frozenset({1, 5}), frozenset({2, 3}), frozenset({4, 6, 7})]
1 0 0 0 1 0 0 
0 1 1 0 0 0 0 
0 1 1 0 0 0 0 
0 0 0 1 0 1 1 
1 0 0 0 1 0 0 
0 0 0 1 0 1 1 
0 0 0 1 0 1 1 

[frozenset({5}), frozenset({2, 3}), frozenset({1, 4, 6, 7})]
1 0 0 1 0 1 1 
0 1 1 0 0 0 0 
0 1 1 0 0 0 0 
1 0 0 1 0 1 1 
0 0 0 0 1 0 0 
1 0 0 1 0 1 1 
1 0 0 1 0 1 1 

[frozenset({1, 3}), frozenset({2, 5}), frozenset({4, 6, 7})]
1 0 1 0 0 0 0 
0 1 0 0 1 0 0 
1 0 1 0 0 0 0 
0 0 0 1 0 1 1 
0 1 0 0 1 0 0 
0 0 0 1 0 1 1 
0 0 0 1 0 1 1 

[frozenset({3}), frozenset({2, 5}), frozenset({1, 4, 6, 7})]
1 0 0 1 0 1 1 
0 1 0 0 1 0 0 
0 0 1 0 0 0 0 
1 0 0 1 0 1 1 
0 1 0 0 1 0 0 
1 0 0 1 0 1 1 
1 0 0 1 0 1 1 

[frozenset({5}), frozenset({1, 3}), frozenset({2, 4, 6, 7})]
1 0 1 0 0 0 0 
0 1 0 1 0 1 1 
1 0 1 0 0 0 0 
0 1 0 1 0 1 1 
0 0 0 0 1 0 0 
0 1 0 1 0 1 1 
0 1 0 1 0 1 1 

[frozenset({3}), frozenset({1, 5}), frozenset({2, 4, 6, 7})]
1 0 0 0 1 0 0 
0 1 0 1 0 1 1 
0 0 1 0 0 0 0 
0 1 0 1 0 1 1 
1 0 0 0 1 0 0 
0 1 0 1 0 1 1 
0 1 0 1 0 1 1 

[frozenset({6, 7}), frozenset({2, 4}), frozenset({1, 3, 5})]
1 0 1 0 1 0 0 
0 1 0 1 0 0 0 
1 0 1 0 1 0 0 
0 1 0 1 0 0 0 
1 0 1 0 1 0 0 
0 0 0 0 0 1 1 
0 0 0 0 0 1 1 

[frozenset({2, 4}), frozenset({3, 5}), frozenset({1, 6, 7})]
1 0 0 0 0 1 1 
0 1 0 1 0 0 0 
0 0 1 0 1 0 0 
0 1 0 1 0 0 0 
0 0 1 0 1 0 0 
1 0 0 0 0 1 1 
1 0 0 0 0 1 1 

[frozenset({6, 7}), frozenset({1, 4}), frozenset({2, 3, 5})]
1 0 0 1 0 0 0 
0 1 1 0 1 0 0 
0 1 1 0 1 0 0 
1 0 0 1 0 0 0 
0 1 1 0 1 0 0 
0 0 0 0 0 1 1 
0 0 0 0 0 1 1 

[frozenset({4}), frozenset({2, 3, 5}), frozenset({1, 6, 7})]
1 0 0 0 0 1 1 
0 1 1 0 1 0 0 
0 1 1 0 1 0 0 
0 0 0 1 0 0 0 
0 1 1 0 1 0 0 
1 0 0 0 0 1 1 
1 0 0 0 0 1 1 

[frozenset({1, 4}), frozenset({3, 5}), frozenset({2, 6, 7})]
1 0 0 1 0 0 0 
0 1 0 0 0 1 1 
0 0 1 0 1 0 0 
1 0 0 1 0 0 0 
0 0 1 0 1 0 0 
0 1 0 0 0 1 1 
0 1 0 0 0 1 1 

[frozenset({4}), frozenset({1, 3, 5}), frozenset({2, 6, 7})]
1 0 1 0 1 0 0 
0 1 0 0 0 1 1 
1 0 1 0 1 0 0 
0 0 0 1 0 0 0 
1 0 1 0 1 0 0 
0 1 0 0 0 1 1 
0 1 0 0 0 1 1 

[frozenset({2, 4}), frozenset({1, 5}), frozenset({3, 6, 7})]
1 0 0 0 1 0 0 
0 1 0 1 0 0 0 
0 0 1 0 0 1 1 
0 1 0 1 0 0 0 
1 0 0 0 1 0 0 
0 0 1 0 0 1 1 
0 0 1 0 0 1 1 

[frozenset({5}), frozenset({2, 4}), frozenset({1, 3, 6, 7})]
1 0 1 0 0 1 1 
0 1 0 1 0 0 0 
1 0 1 0 0 1 1 
0 1 0 1 0 0 0 
0 0 0 0 1 0 0 
1 0 1 0 0 1 1 
1 0 1 0 0 1 1 

[frozenset({1, 4}), frozenset({2, 5}), frozenset({3, 6, 7})]
1 0 0 1 0 0 0 
0 1 0 0 1 0 0 
0 0 1 0 0 1 1 
1 0 0 1 0 0 0 
0 1 0 0 1 0 0 
0 0 1 0 0 1 1 
0 0 1 0 0 1 1 

[frozenset({4}), frozenset({2, 5}), frozenset({1, 3, 6, 7})]
1 0 1 0 0 1 1 
0 1 0 0 1 0 0 
1 0 1 0 0 1 1 
0 0 0 1 0 0 0 
0 1 0 0 1 0 0 
1 0 1 0 0 1 1 
1 0 1 0 0 1 1 

[frozenset({5}), frozenset({1, 4}), frozenset({2, 3, 6, 7})]
1 0 0 1 0 0 0 
0 1 1 0 0 1 1 
0 1 1 0 0 1 1 
1 0 0 1 0 0 0 
0 0 0 0 1 0 0 
0 1 1 0 0 1 1 
0 1 1 0 0 1 1 

[frozenset({4}), frozenset({1, 5}), frozenset({2, 3, 6, 7})]
1 0 0 0 1 0 0 
0 1 1 0 0 1 1 
0 1 1 0 0 1 1 
0 0 0 1 0 0 0 
1 0 0 0 1 0 0 
0 1 1 0 0 1 1 
0 1 1 0 0 1 1 

[frozenset({1}), frozenset({2, 4, 6}), frozenset({3, 5, 7})]
1 0 0 0 0 0 0 
0 1 0 1 0 1 0 
0 0 1 0 1 0 1 
0 1 0 1 0 1 0 
0 0 1 0 1 0 1 
0 1 0 1 0 1 0 
0 0 1 0 1 0 1 

[frozenset({1}), frozenset({4, 6}), frozenset({2, 3, 5, 7})]
1 0 0 0 0 0 0 
0 1 1 0 1 0 1 
0 1 1 0 1 0 1 
0 0 0 1 0 1 0 
0 1 1 0 1 0 1 
0 0 0 1 0 1 0 
0 1 1 0 1 0 1 

[frozenset({2}), frozenset({3, 5, 7}), frozenset({1, 4, 6})]
1 0 0 1 0 1 0 
0 1 0 0 0 0 0 
0 0 1 0 1 0 1 
1 0 0 1 0 1 0 
0 0 1 0 1 0 1 
1 0 0 1 0 1 0 
0 0 1 0 1 0 1 

[frozenset({2}), frozenset({4, 6}), frozenset({1, 3, 5, 7})]
1 0 1 0 1 0 1 
0 1 0 0 0 0 0 
1 0 1 0 1 0 1 
0 0 0 1 0 1 0 
1 0 1 0 1 0 1 
0 0 0 1 0 1 0 
1 0 1 0 1 0 1 

[frozenset({2, 3}), frozenset({5, 7}), frozenset({1, 4, 6})]
1 0 0 1 0 1 0 
0 1 1 0 0 0 0 
0 1 1 0 0 0 0 
1 0 0 1 0 1 0 
0 0 0 0 1 0 1 
1 0 0 1 0 1 0 
0 0 0 0 1 0 1 

[frozenset({4, 6}), frozenset({2, 3}), frozenset({1, 5, 7})]
1 0 0 0 1 0 1 
0 1 1 0 0 0 0 
0 1 1 0 0 0 0 
0 0 0 1 0 1 0 
1 0 0 0 1 0 1 
0 0 0 1 0 1 0 
1 0 0 0 1 0 1 

[frozenset({1, 3}), frozenset({5, 7}), frozenset({2, 4, 6})]
1 0 1 0 0 0 0 
0 1 0 1 0 1 0 
1 0 1 0 0 0 0 
0 1 0 1 0 1 0 
0 0 0 0 1 0 1 
0 1 0 1 0 1 0 
0 0 0 0 1 0 1 

[frozenset({3}), frozenset({2, 4, 6}), frozenset({1, 5, 7})]
1 0 0 0 1 0 1 
0 1 0 1 0 1 0 
0 0 1 0 0 0 0 
0 1 0 1 0 1 0 
1 0 0 0 1 0 1 
0 1 0 1 0 1 0 
1 0 0 0 1 0 1 

[frozenset({1, 3}), frozenset({4, 6}), frozenset({2, 5, 7})]
1 0 1 0 0 0 0 
0 1 0 0 1 0 1 
1 0 1 0 0 0 0 
0 0 0 1 0 1 0 
0 1 0 0 1 0 1 
0 0 0 1 0 1 0 
0 1 0 0 1 0 1 

[frozenset({3}), frozenset({2, 5, 7}), frozenset({1, 4, 6})]
1 0 0 1 0 1 0 
0 1 0 0 1 0 1 
0 0 1 0 0 0 0 
1 0 0 1 0 1 0 
0 1 0 0 1 0 1 
1 0 0 1 0 1 0 
0 1 0 0 1 0 1 

[frozenset({1}), frozenset({4, 5, 7}), frozenset({2, 3, 6})]
1 0 0 0 0 0 0 
0 1 1 0 0 1 0 
0 1 1 0 0 1 0 
0 0 0 1 1 0 1 
0 0 0 1 1 0 1 
0 1 1 0 0 1 0 
0 0 0 1 1 0 1 

[frozenset({1}), frozenset({3, 6}), frozenset({2, 4, 5, 7})]
1 0 0 0 0 0 0 
0 1 0 1 1 0 1 
0 0 1 0 0 1 0 
0 1 0 1 1 0 1 
0 1 0 1 1 0 1 
0 0 1 0 0 1 0 
0 1 0 1 1 0 1 

[frozenset({2}), frozenset({4, 5, 7}), frozenset({1, 3, 6})]
1 0 1 0 0 1 0 
0 1 0 0 0 0 0 
1 0 1 0 0 1 0 
0 0 0 1 1 0 1 
0 0 0 1 1 0 1 
1 0 1 0 0 1 0 
0 0 0 1 1 0 1 

[frozenset({2}), frozenset({3, 6}), frozenset({1, 4, 5, 7})]
1 0 0 1 1 0 1 
0 1 0 0 0 0 0 
0 0 1 0 0 1 0 
1 0 0 1 1 0 1 
1 0 0 1 1 0 1 
0 0 1 0 0 1 0 
1 0 0 1 1 0 1 

[frozenset({1, 6}), frozenset({2, 3}), frozenset({4, 5, 7})]
1 0 0 0 0 1 0 
0 1 1 0 0 0 0 
0 1 1 0 0 0 0 
0 0 0 1 1 0 1 
0 0 0 1 1 0 1 
1 0 0 0 0 1 0 
0 0 0 1 1 0 1 

[frozenset({6}), frozenset({2, 3}), frozenset({1, 4, 5, 7})]
1 0 0 1 1 0 1 
0 1 1 0 0 0 0 
0 1 1 0 0 0 0 
1 0 0 1 1 0 1 
1 0 0 1 1 0 1 
0 0 0 0 0 1 0 
1 0 0 1 1 0 1 

[frozenset({1, 3}), frozenset({2, 6}), frozenset({4, 5, 7})]
1 0 1 0 0 0 0 
0 1 0 0 0 1 0 
1 0 1 0 0 0 0 
0 0 0 1 1 0 1 
0 0 0 1 1 0 1 
0 1 0 0 0 1 0 
0 0 0 1 1 0 1 

[frozenset({3}), frozenset({2, 6}), frozenset({1, 4, 5, 7})]
1 0 0 1 1 0 1 
0 1 0 0 0 1 0 
0 0 1 0 0 0 0 
1 0 0 1 1 0 1 
1 0 0 1 1 0 1 
0 1 0 0 0 1 0 
1 0 0 1 1 0 1 

[frozenset({6}), frozenset({1, 3}), frozenset({2, 4, 5, 7})]
1 0 1 0 0 0 0 
0 1 0 1 1 0 1 
1 0 1 0 0 0 0 
0 1 0 1 1 0 1 
0 1 0 1 1 0 1 
0 0 0 0 0 1 0 
0 1 0 1 1 0 1 

[frozenset({3}), frozenset({1, 6}), frozenset({2, 4, 5, 7})]
1 0 0 0 0 1 0 
0 1 0 1 1 0 1 
0 0 1 0 0 0 0 
0 1 0 1 1 0 1 
0 1 0 1 1 0 1 
1 0 0 0 0 1 0 
0 1 0 1 1 0 1 

[frozenset({2, 4}), frozenset({5, 7}), frozenset({1, 3, 6})]
1 0 1 0 0 1 0 
0 1 0 1 0 0 0 
1 0 1 0 0 1 0 
0 1 0 1 0 0 0 
0 0 0 0 1 0 1 
1 0 1 0 0 1 0 
0 0 0 0 1 0 1 

[frozenset({2, 4}), frozenset({3, 6}), frozenset({1, 5, 7})]
1 0 0 0 1 0 1 
0 1 0 1 0 0 0 
0 0 1 0 0 1 0 
0 1 0 1 0 0 0 
1 0 0 0 1 0 1 
0 0 1 0 0 1 0 
1 0 0 0 1 0 1 

[frozenset({1, 4}), frozenset({5, 7}), frozenset({2, 3, 6})]
1 0 0 1 0 0 0 
0 1 1 0 0 1 0 
0 1 1 0 0 1 0 
1 0 0 1 0 0 0 
0 0 0 0 1 0 1 
0 1 1 0 0 1 0 
0 0 0 0 1 0 1 

[frozenset({4}), frozenset({1, 5, 7}), frozenset({2, 3, 6})]
1 0 0 0 1 0 1 
0 1 1 0 0 1 0 
0 1 1 0 0 1 0 
0 0 0 1 0 0 0 
1 0 0 0 1 0 1 
0 1 1 0 0 1 0 
1 0 0 0 1 0 1 

[frozenset({1, 4}), frozenset({3, 6}), frozenset({2, 5, 7})]
1 0 0 1 0 0 0 
0 1 0 0 1 0 1 
0 0 1 0 0 1 0 
1 0 0 1 0 0 0 
0 1 0 0 1 0 1 
0 0 1 0 0 1 0 
0 1 0 0 1 0 1 

[frozenset({4}), frozenset({2, 5, 7}), frozenset({1, 3, 6})]
1 0 1 0 0 1 0 
0 1 0 0 1 0 1 
1 0 1 0 0 1 0 
0 0 0 1 0 0 0 
0 1 0 0 1 0 1 
1 0 1 0 0 1 0 
0 1 0 0 1 0 1 

[frozenset({1, 6}), frozenset({2, 4}), frozenset({3, 5, 7})]
1 0 0 0 0 1 0 
0 1 0 1 0 0 0 
0 0 1 0 1 0 1 
0 1 0 1 0 0 0 
0 0 1 0 1 0 1 
1 0 0 0 0 1 0 
0 0 1 0 1 0 1 

[frozenset({6}), frozenset({2, 4}), frozenset({1, 3, 5, 7})]
1 0 1 0 1 0 1 
0 1 0 1 0 0 0 
1 0 1 0 1 0 1 
0 1 0 1 0 0 0 
1 0 1 0 1 0 1 
0 0 0 0 0 1 0 
1 0 1 0 1 0 1 

[frozenset({1, 4}), frozenset({2, 6}), frozenset({3, 5, 7})]
1 0 0 1 0 0 0 
0 1 0 0 0 1 0 
0 0 1 0 1 0 1 
1 0 0 1 0 0 0 
0 0 1 0 1 0 1 
0 1 0 0 0 1 0 
0 0 1 0 1 0 1 

[frozenset({4}), frozenset({2, 6}), frozenset({1, 3, 5, 7})]
1 0 1 0 1 0 1 
0 1 0 0 0 1 0 
1 0 1 0 1 0 1 
0 0 0 1 0 0 0 
1 0 1 0 1 0 1 
0 1 0 0 0 1 0 
1 0 1 0 1 0 1 

[frozenset({6}), frozenset({1, 4}), frozenset({2, 3, 5, 7})]
1 0 0 1 0 0 0 
0 1 1 0 1 0 1 
0 1 1 0 1 0 1 
1 0 0 1 0 0 0 
0 1 1 0 1 0 1 
0 0 0 0 0 1 0 
0 1 1 0 1 0 1 

[frozenset({4}), frozenset({1, 6}), frozenset({2, 3, 5, 7})]
1 0 0 0 0 1 0 
0 1 1 0 1 0 1 
0 1 1 0 1 0 1 
0 0 0 1 0 0 0 
0 1 1 0 1 0 1 
1 0 0 0 0 1 0 
0 1 1 0 1 0 1 

[frozenset({3, 6}), frozenset({1, 7}), frozenset({2, 4, 5})]
1 0 0 0 0 0 1 
0 1 0 1 1 0 0 
0 0 1 0 0 1 0 
0 1 0 1 1 0 0 
0 1 0 1 1 0 0 
0 0 1 0 0 1 0 
1 0 0 0 0 0 1 

[frozenset({4, 5}), frozenset({1, 7}), frozenset({2, 3, 6})]
1 0 0 0 0 0 1 
0 1 1 0 0 1 0 
0 1 1 0 0 1 0 
0 0 0 1 1 0 0 
0 0 0 1 1 0 0 
0 1 1 0 0 1 0 
1 0 0 0 0 0 1 

[frozenset({3, 6}), frozenset({2, 7}), frozenset({1, 4, 5})]
1 0 0 1 1 0 0 
0 1 0 0 0 0 1 
0 0 1 0 0 1 0 
1 0 0 1 1 0 0 
1 0 0 1 1 0 0 
0 0 1 0 0 1 0 
0 1 0 0 0 0 1 

[frozenset({4, 5}), frozenset({2, 7}), frozenset({1, 3, 6})]
1 0 1 0 0 1 0 
0 1 0 0 0 0 1 
1 0 1 0 0 1 0 
0 0 0 1 1 0 0 
0 0 0 1 1 0 0 
1 0 1 0 0 1 0 
0 1 0 0 0 0 1 

[frozenset({1, 6}), frozenset({3, 7}), frozenset({2, 4, 5})]
1 0 0 0 0 1 0 
0 1 0 1 1 0 0 
0 0 1 0 0 0 1 
0 1 0 1 1 0 0 
0 1 0 1 1 0 0 
1 0 0 0 0 1 0 
0 0 1 0 0 0 1 

[frozenset({6}), frozenset({1, 3, 7}), frozenset({2, 4, 5})]
1 0 1 0 0 0 1 
0 1 0 1 1 0 0 
1 0 1 0 0 0 1 
0 1 0 1 1 0 0 
0 1 0 1 1 0 0 
0 0 0 0 0 1 0 
1 0 1 0 0 0 1 

[frozenset({3, 7}), frozenset({2, 6}), frozenset({1, 4, 5})]
1 0 0 1 1 0 0 
0 1 0 0 0 1 0 
0 0 1 0 0 0 1 
1 0 0 1 1 0 0 
1 0 0 1 1 0 0 
0 1 0 0 0 1 0 
0 0 1 0 0 0 1 

[frozenset({4, 5}), frozenset({2, 6}), frozenset({1, 3, 7})]
1 0 1 0 0 0 1 
0 1 0 0 0 1 0 
1 0 1 0 0 0 1 
0 0 0 1 1 0 0 
0 0 0 1 1 0 0 
0 1 0 0 0 1 0 
1 0 1 0 0 0 1 

[frozenset({6}), frozenset({2, 3, 7}), frozenset({1, 4, 5})]
1 0 0 1 1 0 0 
0 1 1 0 0 0 1 
0 1 1 0 0 0 1 
1 0 0 1 1 0 0 
1 0 0 1 1 0 0 
0 0 0 0 0 1 0 
0 1 1 0 0 0 1 

[frozenset({4, 5}), frozenset({1, 6}), frozenset({2, 3, 7})]
1 0 0 0 0 1 0 
0 1 1 0 0 0 1 
0 1 1 0 0 0 1 
0 0 0 1 1 0 0 
0 0 0 1 1 0 0 
1 0 0 0 0 1 0 
0 1 1 0 0 0 1 

[frozenset({4, 6}), frozenset({1, 7}), frozenset({2, 3, 5})]
1 0 0 0 0 0 1 
0 1 1 0 1 0 0 
0 1 1 0 1 0 0 
0 0 0 1 0 1 0 
0 1 1 0 1 0 0 
0 0 0 1 0 1 0 
1 0 0 0 0 0 1 

[frozenset({1, 7}), frozenset({3, 5}), frozenset({2, 4, 6})]
1 0 0 0 0 0 1 
0 1 0 1 0 1 0 
0 0 1 0 1 0 0 
0 1 0 1 0 1 0 
0 0 1 0 1 0 0 
0 1 0 1 0 1 0 
1 0 0 0 0 0 1 

[frozenset({2, 7}), frozenset({4, 6}), frozenset({1, 3, 5})]
1 0 1 0 1 0 0 
0 1 0 0 0 0 1 
1 0 1 0 1 0 0 
0 0 0 1 0 1 0 
1 0 1 0 1 0 0 
0 0 0 1 0 1 0 
0 1 0 0 0 0 1 

[frozenset({2, 7}), frozenset({3, 5}), frozenset({1, 4, 6})]
1 0 0 1 0 1 0 
0 1 0 0 0 0 1 
0 0 1 0 1 0 0 
1 0 0 1 0 1 0 
0 0 1 0 1 0 0 
1 0 0 1 0 1 0 
0 1 0 0 0 0 1 

[frozenset({2, 5}), frozenset({3, 7}), frozenset({1, 4, 6})]
1 0 0 1 0 1 0 
0 1 0 0 1 0 0 
0 0 1 0 0 0 1 
1 0 0 1 0 1 0 
0 1 0 0 1 0 0 
1 0 0 1 0 1 0 
0 0 1 0 0 0 1 

[frozenset({4, 6}), frozenset({2, 5}), frozenset({1, 3, 7})]
1 0 1 0 0 0 1 
0 1 0 0 1 0 0 
1 0 1 0 0 0 1 
0 0 0 1 0 1 0 
0 1 0 0 1 0 0 
0 0 0 1 0 1 0 
1 0 1 0 0 0 1 

[frozenset({1, 5}), frozenset({3, 7}), frozenset({2, 4, 6})]
1 0 0 0 1 0 0 
0 1 0 1 0 1 0 
0 0 1 0 0 0 1 
0 1 0 1 0 1 0 
1 0 0 0 1 0 0 
0 1 0 1 0 1 0 
0 0 1 0 0 0 1 

[frozenset({5}), frozenset({2, 4, 6}), frozenset({1, 3, 7})]
1 0 1 0 0 0 1 
0 1 0 1 0 1 0 
1 0 1 0 0 0 1 
0 1 0 1 0 1 0 
0 0 0 0 1 0 0 
0 1 0 1 0 1 0 
1 0 1 0 0 0 1 

[frozenset({1, 5}), frozenset({4, 6}), frozenset({2, 3, 7})]
1 0 0 0 1 0 0 
0 1 1 0 0 0 1 
0 1 1 0 0 0 1 
0 0 0 1 0 1 0 
1 0 0 0 1 0 0 
0 0 0 1 0 1 0 
0 1 1 0 0 0 1 

[frozenset({5}), frozenset({2, 3, 7}), frozenset({1, 4, 6})]
1 0 0 1 0 1 0 
0 1 1 0 0 0 1 
0 1 1 0 0 0 1 
1 0 0 1 0 1 0 
0 0 0 0 1 0 0 
1 0 0 1 0 1 0 
0 1 1 0 0 0 1 

[frozenset({1, 6}), frozenset({4, 7}), frozenset({2, 3, 5})]
1 0 0 0 0 1 0 
0 1 1 0 1 0 0 
0 1 1 0 1 0 0 
0 0 0 1 0 0 1 
0 1 1 0 1 0 0 
1 0 0 0 0 1 0 
0 0 0 1 0 0 1 

[frozenset({6}), frozenset({1, 4, 7}), frozenset({2, 3, 5})]
1 0 0 1 0 0 1 
0 1 1 0 1 0 0 
0 1 1 0 1 0 0 
1 0 0 1 0 0 1 
0 1 1 0 1 0 0 
0 0 0 0 0 1 0 
1 0 0 1 0 0 1 

[frozenset({4, 7}), frozenset({2, 6}), frozenset({1, 3, 5})]
1 0 1 0 1 0 0 
0 1 0 0 0 1 0 
1 0 1 0 1 0 0 
0 0 0 1 0 0 1 
1 0 1 0 1 0 0 
0 1 0 0 0 1 0 
0 0 0 1 0 0 1 

[frozenset({3, 5}), frozenset({2, 6}), frozenset({1, 4, 7})]
1 0 0 1 0 0 1 
0 1 0 0 0 1 0 
0 0 1 0 1 0 0 
1 0 0 1 0 0 1 
0 0 1 0 1 0 0 
0 1 0 0 0 1 0 
1 0 0 1 0 0 1 

[frozenset({6}), frozenset({1, 3, 5}), frozenset({2, 4, 7})]
1 0 1 0 1 0 0 
0 1 0 1 0 0 1 
1 0 1 0 1 0 0 
0 1 0 1 0 0 1 
1 0 1 0 1 0 0 
0 0 0 0 0 1 0 
0 1 0 1 0 0 1 

[frozenset({1, 6}), frozenset({3, 5}), frozenset({2, 4, 7})]
1 0 0 0 0 1 0 
0 1 0 1 0 0 1 
0 0 1 0 1 0 0 
0 1 0 1 0 0 1 
0 0 1 0 1 0 0 
1 0 0 0 0 1 0 
0 1 0 1 0 0 1 

[frozenset({2, 5}), frozenset({4, 7}), frozenset({1, 3, 6})]
1 0 1 0 0 1 0 
0 1 0 0 1 0 0 
1 0 1 0 0 1 0 
0 0 0 1 0 0 1 
0 1 0 0 1 0 0 
1 0 1 0 0 1 0 
0 0 0 1 0 0 1 

[frozenset({3, 6}), frozenset({2, 5}), frozenset({1, 4, 7})]
1 0 0 1 0 0 1 
0 1 0 0 1 0 0 
0 0 1 0 0 1 0 
1 0 0 1 0 0 1 
0 1 0 0 1 0 0 
0 0 1 0 0 1 0 
1 0 0 1 0 0 1 

[frozenset({1, 5}), frozenset({4, 7}), frozenset({2, 3, 6})]
1 0 0 0 1 0 0 
0 1 1 0 0 1 0 
0 1 1 0 0 1 0 
0 0 0 1 0 0 1 
1 0 0 0 1 0 0 
0 1 1 0 0 1 0 
0 0 0 1 0 0 1 

[frozenset({5}), frozenset({1, 4, 7}), frozenset({2, 3, 6})]
1 0 0 1 0 0 1 
0 1 1 0 0 1 0 
0 1 1 0 0 1 0 
1 0 0 1 0 0 1 
0 0 0 0 1 0 0 
0 1 1 0 0 1 0 
1 0 0 1 0 0 1 

[frozenset({3, 6}), frozenset({1, 5}), frozenset({2, 4, 7})]
1 0 0 0 1 0 0 
0 1 0 1 0 0 1 
0 0 1 0 0 1 0 
0 1 0 1 0 0 1 
1 0 0 0 1 0 0 
0 0 1 0 0 1 0 
0 1 0 1 0 0 1 

[frozenset({5}), frozenset({2, 4, 7}), frozenset({1, 3, 6})]
1 0 1 0 0 1 0 
0 1 0 1 0 0 1 
1 0 1 0 0 1 0 
0 1 0 1 0 0 1 
0 0 0 0 1 0 0 
1 0 1 0 0 1 0 
0 1 0 1 0 0 1 

[frozenset({1}), frozenset({4, 5}), frozenset({6, 7}), frozenset({2, 3})]
1 0 0 0 0 0 0 
0 1 1 0 0 0 0 
0 1 1 0 0 0 0 
0 0 0 1 1 0 0 
0 0 0 1 1 0 0 
0 0 0 0 0 1 1 
0 0 0 0 0 1 1 

[frozenset({3}), frozenset({1}), frozenset({6, 7}), frozenset({2, 4, 5})]
1 0 0 0 0 0 0 
0 1 0 1 1 0 0 
0 0 1 0 0 0 0 
0 1 0 1 1 0 0 
0 1 0 1 1 0 0 
0 0 0 0 0 1 1 
0 0 0 0 0 1 1 

[frozenset({3}), frozenset({1}), frozenset({4, 5}), frozenset({2, 6, 7})]
1 0 0 0 0 0 0 
0 1 0 0 0 1 1 
0 0 1 0 0 0 0 
0 0 0 1 1 0 0 
0 0 0 1 1 0 0 
0 1 0 0 0 1 1 
0 1 0 0 0 1 1 

[frozenset({2}), frozenset({4, 5}), frozenset({1, 3}), frozenset({6, 7})]
1 0 1 0 0 0 0 
0 1 0 0 0 0 0 
1 0 1 0 0 0 0 
0 0 0 1 1 0 0 
0 0 0 1 1 0 0 
0 0 0 0 0 1 1 
0 0 0 0 0 1 1 

[frozenset({3}), frozenset({2}), frozenset({6, 7}), frozenset({1, 4, 5})]
1 0 0 1 1 0 0 
0 1 0 0 0 0 0 
0 0 1 0 0 0 0 
1 0 0 1 1 0 0 
1 0 0 1 1 0 0 
0 0 0 0 0 1 1 
0 0 0 0 0 1 1 

[frozenset({3}), frozenset({2}), frozenset({4, 5}), frozenset({1, 6, 7})]
1 0 0 0 0 1 1 
0 1 0 0 0 0 0 
0 0 1 0 0 0 0 
0 0 0 1 1 0 0 
0 0 0 1 1 0 0 
1 0 0 0 0 1 1 
1 0 0 0 0 1 1 

[frozenset({5}), frozenset({1}), frozenset({2, 3}), frozenset({4, 6, 7})]
1 0 0 0 0 0 0 
0 1 1 0 0 0 0 
0 1 1 0 0 0 0 
0 0 0 1 0 1 1 
0 0 0 0 1 0 0 
0 0 0 1 0 1 1 
0 0 0 1 0 1 1 

[frozenset({3}), frozenset({1}), frozenset({2, 5}), frozenset({4, 6, 7})]
1 0 0 0 0 0 0 
0 1 0 0 1 0 0 
0 0 1 0 0 0 0 
0 0 0 1 0 1 1 
0 1 0 0 1 0 0 
0 0 0 1 0 1 1 
0 0 0 1 0 1 1 

[frozenset({3}), frozenset({1}), frozenset({5}), frozenset({2, 4, 6, 7})]
1 0 0 0 0 0 0 
0 1 0 1 0 1 1 
0 0 1 0 0 0 0 
0 1 0 1 0 1 1 
0 0 0 0 1 0 0 
0 1 0 1 0 1 1 
0 1 0 1 0 1 1 

[frozenset({5}), frozenset({2}), frozenset({1, 3}), frozenset({4, 6, 7})]
1 0 1 0 0 0 0 
0 1 0 0 0 0 0 
1 0 1 0 0 0 0 
0 0 0 1 0 1 1 
0 0 0 0 1 0 0 
0 0 0 1 0 1 1 
0 0 0 1 0 1 1 

[frozenset({3}), frozenset({2}), frozenset({1, 5}), frozenset({4, 6, 7})]
1 0 0 0 1 0 0 
0 1 0 0 0 0 0 
0 0 1 0 0 0 0 
0 0 0 1 0 1 1 
1 0 0 0 1 0 0 
0 0 0 1 0 1 1 
0 0 0 1 0 1 1 

[frozenset({3}), frozenset({2}), frozenset({5}), frozenset({1, 4, 6, 7})]
1 0 0 1 0 1 1 
0 1 0 0 0 0 0 
0 0 1 0 0 0 0 
1 0 0 1 0 1 1 
0 0 0 0 1 0 0 
1 0 0 1 0 1 1 
1 0 0 1 0 1 1 

[frozenset({1}), frozenset({6, 7}), frozenset({2, 4}), frozenset({3, 5})]
1 0 0 0 0 0 0 
0 1 0 1 0 0 0 
0 0 1 0 1 0 0 
0 1 0 1 0 0 0 
0 0 1 0 1 0 0 
0 0 0 0 0 1 1 
0 0 0 0 0 1 1 

[frozenset({1}), frozenset({4}), frozenset({6, 7}), frozenset({2, 3, 5})]
1 0 0 0 0 0 0 
0 1 1 0 1 0 0 
0 1 1 0 1 0 0 
0 0 0 1 0 0 0 
0 1 1 0 1 0 0 
0 0 0 0 0 1 1 
0 0 0 0 0 1 1 

[frozenset({1}), frozenset({4}), frozenset({3, 5}), frozenset({2, 6, 7})]
1 0 0 0 0 0 0 
0 1 0 0 0 1 1 
0 0 1 0 1 0 0 
0 0 0 1 0 0 0 
0 0 1 0 1 0 0 
0 1 0 0 0 1 1 
0 1 0 0 0 1 1 

[frozenset({2}), frozenset({6, 7}), frozenset({1, 4}), frozenset({3, 5})]
1 0 0 1 0 0 0 
0 1 0 0 0 0 0 
0 0 1 0 1 0 0 
1 0 0 1 0 0 0 
0 0 1 0 1 0 0 
0 0 0 0 0 1 1 
0 0 0 0 0 1 1 

[frozenset({2}), frozenset({4}), frozenset({6, 7}), frozenset({1, 3, 5})]
1 0 1 0 1 0 0 
0 1 0 0 0 0 0 
1 0 1 0 1 0 0 
0 0 0 1 0 0 0 
1 0 1 0 1 0 0 
0 0 0 0 0 1 1 
0 0 0 0 0 1 1 

[frozenset({2}), frozenset({4}), frozenset({3, 5}), frozenset({1, 6, 7})]
1 0 0 0 0 1 1 
0 1 0 0 0 0 0 
0 0 1 0 1 0 0 
0 0 0 1 0 0 0 
0 0 1 0 1 0 0 
1 0 0 0 0 1 1 
1 0 0 0 0 1 1 

[frozenset({5}), frozenset({1}), frozenset({2, 4}), frozenset({3, 6, 7})]
1 0 0 0 0 0 0 
0 1 0 1 0 0 0 
0 0 1 0 0 1 1 
0 1 0 1 0 0 0 
0 0 0 0 1 0 0 
0 0 1 0 0 1 1 
0 0 1 0 0 1 1 

[frozenset({1}), frozenset({4}), frozenset({2, 5}), frozenset({3, 6, 7})]
1 0 0 0 0 0 0 
0 1 0 0 1 0 0 
0 0 1 0 0 1 1 
0 0 0 1 0 0 0 
0 1 0 0 1 0 0 
0 0 1 0 0 1 1 
0 0 1 0 0 1 1 

[frozenset({5}), frozenset({1}), frozenset({4}), frozenset({2, 3, 6, 7})]
1 0 0 0 0 0 0 
0 1 1 0 0 1 1 
0 1 1 0 0 1 1 
0 0 0 1 0 0 0 
0 0 0 0 1 0 0 
0 1 1 0 0 1 1 
0 1 1 0 0 1 1 

[frozenset({5}), frozenset({2}), frozenset({1, 4}), frozenset({3, 6, 7})]
1 0 0 1 0 0 0 
0 1 0 0 0 0 0 
0 0 1 0 0 1 1 
1 0 0 1 0 0 0 
0 0 0 0 1 0 0 
0 0 1 0 0 1 1 
0 0 1 0 0 1 1 

[frozenset({2}), frozenset({4}), frozenset({1, 5}), frozenset({3, 6, 7})]
1 0 0 0 1 0 0 
0 1 0 0 0 0 0 
0 0 1 0 0 1 1 
0 0 0 1 0 0 0 
1 0 0 0 1 0 0 
0 0 1 0 0 1 1 
0 0 1 0 0 1 1 

[frozenset({5}), frozenset({2}), frozenset({4}), frozenset({1, 3, 6, 7})]
1 0 1 0 0 1 1 
0 1 0 0 0 0 0 
1 0 1 0 0 1 1 
0 0 0 1 0 0 0 
0 0 0 0 1 0 0 
1 0 1 0 0 1 1 
1 0 1 0 0 1 1 

[frozenset({4}), frozenset({6, 7}), frozenset({1, 5}), frozenset({2, 3})]
1 0 0 0 1 0 0 
0 1 1 0 0 0 0 
0 1 1 0 0 0 0 
0 0 0 1 0 0 0 
1 0 0 0 1 0 0 
0 0 0 0 0 1 1 
0 0 0 0 0 1 1 

[frozenset({5}), frozenset({4}), frozenset({2, 3}), frozenset({1, 6, 7})]
1 0 0 0 0 1 1 
0 1 1 0 0 0 0 
0 1 1 0 0 0 0 
0 0 0 1 0 0 0 
0 0 0 0 1 0 0 
1 0 0 0 0 1 1 
1 0 0 0 0 1 1 

[frozenset({3}), frozenset({2, 4}), frozenset({1, 5}), frozenset({6, 7})]
1 0 0 0 1 0 0 
0 1 0 1 0 0 0 
0 0 1 0 0 0 0 
0 1 0 1 0 0 0 
1 0 0 0 1 0 0 
0 0 0 0 0 1 1 
0 0 0 0 0 1 1 

[frozenset({3}), frozenset({5}), frozenset({2, 4}), frozenset({1, 6, 7})]
1 0 0 0 0 1 1 
0 1 0 1 0 0 0 
0 0 1 0 0 0 0 
0 1 0 1 0 0 0 
0 0 0 0 1 0 0 
1 0 0 0 0 1 1 
1 0 0 0 0 1 1 

[frozenset({4}), frozenset({6, 7}), frozenset({1, 3}), frozenset({2, 5})]
1 0 1 0 0 0 0 
0 1 0 0 1 0 0 
1 0 1 0 0 0 0 
0 0 0 1 0 0 0 
0 1 0 0 1 0 0 
0 0 0 0 0 1 1 
0 0 0 0 0 1 1 

[frozenset({3}), frozenset({6, 7}), frozenset({1, 4}), frozenset({2, 5})]
1 0 0 1 0 0 0 
0 1 0 0 1 0 0 
0 0 1 0 0 0 0 
1 0 0 1 0 0 0 
0 1 0 0 1 0 0 
0 0 0 0 0 1 1 
0 0 0 0 0 1 1 

[frozenset({5}), frozenset({4}), frozenset({1, 3}), frozenset({2, 6, 7})]
1 0 1 0 0 0 0 
0 1 0 0 0 1 1 
1 0 1 0 0 0 0 
0 0 0 1 0 0 0 
0 0 0 0 1 0 0 
0 1 0 0 0 1 1 
0 1 0 0 0 1 1 

[frozenset({3}), frozenset({5}), frozenset({1, 4}), frozenset({2, 6, 7})]
1 0 0 1 0 0 0 
0 1 0 0 0 1 1 
0 0 1 0 0 0 0 
1 0 0 1 0 0 0 
0 0 0 0 1 0 0 
0 1 0 0 0 1 1 
0 1 0 0 0 1 1 

[frozenset({1}), frozenset({4, 6}), frozenset({2, 3}), frozenset({5, 7})]
1 0 0 0 0 0 0 
0 1 1 0 0 0 0 
0 1 1 0 0 0 0 
0 0 0 1 0 1 0 
0 0 0 0 1 0 1 
0 0 0 1 0 1 0 
0 0 0 0 1 0 1 

[frozenset({3}), frozenset({1}), frozenset({5, 7}), frozenset({2, 4, 6})]
1 0 0 0 0 0 0 
0 1 0 1 0 1 0 
0 0 1 0 0 0 0 
0 1 0 1 0 1 0 
0 0 0 0 1 0 1 
0 1 0 1 0 1 0 
0 0 0 0 1 0 1 

[frozenset({3}), frozenset({1}), frozenset({4, 6}), frozenset({2, 5, 7})]
1 0 0 0 0 0 0 
0 1 0 0 1 0 1 
0 0 1 0 0 0 0 
0 0 0 1 0 1 0 
0 1 0 0 1 0 1 
0 0 0 1 0 1 0 
0 1 0 0 1 0 1 

[frozenset({2}), frozenset({1, 3}), frozenset({4, 6}), frozenset({5, 7})]
1 0 1 0 0 0 0 
0 1 0 0 0 0 0 
1 0 1 0 0 0 0 
0 0 0 1 0 1 0 
0 0 0 0 1 0 1 
0 0 0 1 0 1 0 
0 0 0 0 1 0 1 

[frozenset({3}), frozenset({2}), frozenset({5, 7}), frozenset({1, 4, 6})]
1 0 0 1 0 1 0 
0 1 0 0 0 0 0 
0 0 1 0 0 0 0 
1 0 0 1 0 1 0 
0 0 0 0 1 0 1 
1 0 0 1 0 1 0 
0 0 0 0 1 0 1 

[frozenset({3}), frozenset({2}), frozenset({4, 6}), frozenset({1, 5, 7})]
1 0 0 0 1 0 1 
0 1 0 0 0 0 0 
0 0 1 0 0 0 0 
0 0 0 1 0 1 0 
1 0 0 0 1 0 1 
0 0 0 1 0 1 0 
1 0 0 0 1 0 1 

[frozenset({1}), frozenset({6}), frozenset({2, 3}), frozenset({4, 5, 7})]
1 0 0 0 0 0 0 
0 1 1 0 0 0 0 
0 1 1 0 0 0 0 
0 0 0 1 1 0 1 
0 0 0 1 1 0 1 
0 0 0 0 0 1 0 
0 0 0 1 1 0 1 

[frozenset({3}), frozenset({1}), frozenset({2, 6}), frozenset({4, 5, 7})]
1 0 0 0 0 0 0 
0 1 0 0 0 1 0 
0 0 1 0 0 0 0 
0 0 0 1 1 0 1 
0 0 0 1 1 0 1 
0 1 0 0 0 1 0 
0 0 0 1 1 0 1 

[frozenset({3}), frozenset({1}), frozenset({6}), frozenset({2, 4, 5, 7})]
1 0 0 0 0 0 0 
0 1 0 1 1 0 1 
0 0 1 0 0 0 0 
0 1 0 1 1 0 1 
0 1 0 1 1 0 1 
0 0 0 0 0 1 0 
0 1 0 1 1 0 1 

[frozenset({6}), frozenset({2}), frozenset({1, 3}), frozenset({4, 5, 7})]
1 0 1 0 0 0 0 
0 1 0 0 0 0 0 
1 0 1 0 0 0 0 
0 0 0 1 1 0 1 
0 0 0 1 1 0 1 
0 0 0 0 0 1 0 
0 0 0 1 1 0 1 

[frozenset({3}), frozenset({2}), frozenset({1, 6}), frozenset({4, 5, 7})]
1 0 0 0 0 1 0 
0 1 0 0 0 0 0 
0 0 1 0 0 0 0 
0 0 0 1 1 0 1 
0 0 0 1 1 0 1 
1 0 0 0 0 1 0 
0 0 0 1 1 0 1 

[frozenset({3}), frozenset({2}), frozenset({6}), frozenset({1, 4, 5, 7})]
1 0 0 1 1 0 1 
0 1 0 0 0 0 0 
0 0 1 0 0 0 0 
1 0 0 1 1 0 1 
1 0 0 1 1 0 1 
0 0 0 0 0 1 0 
1 0 0 1 1 0 1 

[frozenset({1}), frozenset({2, 4}), frozenset({3, 6}), frozenset({5, 7})]
1 0 0 0 0 0 0 
0 1 0 1 0 0 0 
0 0 1 0 0 1 0 
0 1 0 1 0 0 0 
0 0 0 0 1 0 1 
0 0 1 0 0 1 0 
0 0 0 0 1 0 1 

[frozenset({1}), frozenset({4}), frozenset({5, 7}), frozenset({2, 3, 6})]
1 0 0 0 0 0 0 
0 1 1 0 0 1 0 
0 1 1 0 0 1 0 
0 0 0 1 0 0 0 
0 0 0 0 1 0 1 
0 1 1 0 0 1 0 
0 0 0 0 1 0 1 

[frozenset({1}), frozenset({4}), frozenset({3, 6}), frozenset({2, 5, 7})]
1 0 0 0 0 0 0 
0 1 0 0 1 0 1 
0 0 1 0 0 1 0 
0 0 0 1 0 0 0 
0 1 0 0 1 0 1 
0 0 1 0 0 1 0 
0 1 0 0 1 0 1 

[frozenset({2}), frozenset({1, 4}), frozenset({3, 6}), frozenset({5, 7})]
1 0 0 1 0 0 0 
0 1 0 0 0 0 0 
0 0 1 0 0 1 0 
1 0 0 1 0 0 0 
0 0 0 0 1 0 1 
0 0 1 0 0 1 0 
0 0 0 0 1 0 1 

[frozenset({2}), frozenset({4}), frozenset({5, 7}), frozenset({1, 3, 6})]
1 0 1 0 0 1 0 
0 1 0 0 0 0 0 
1 0 1 0 0 1 0 
0 0 0 1 0 0 0 
0 0 0 0 1 0 1 
1 0 1 0 0 1 0 
0 0 0 0 1 0 1 

[frozenset({2}), frozenset({4}), frozenset({3, 6}), frozenset({1, 5, 7})]
1 0 0 0 1 0 1 
0 1 0 0 0 0 0 
0 0 1 0 0 1 0 
0 0 0 1 0 0 0 
1 0 0 0 1 0 1 
0 0 1 0 0 1 0 
1 0 0 0 1 0 1 

[frozenset({1}), frozenset({6}), frozenset({2, 4}), frozenset({3, 5, 7})]
1 0 0 0 0 0 0 
0 1 0 1 0 0 0 
0 0 1 0 1 0 1 
0 1 0 1 0 0 0 
0 0 1 0 1 0 1 
0 0 0 0 0 1 0 
0 0 1 0 1 0 1 

[frozenset({1}), frozenset({4}), frozenset({2, 6}), frozenset({3, 5, 7})]
1 0 0 0 0 0 0 
0 1 0 0 0 1 0 
0 0 1 0 1 0 1 
0 0 0 1 0 0 0 
0 0 1 0 1 0 1 
0 1 0 0 0 1 0 
0 0 1 0 1 0 1 

[frozenset({1}), frozenset({6}), frozenset({4}), frozenset({2, 3, 5, 7})]
1 0 0 0 0 0 0 
0 1 1 0 1 0 1 
0 1 1 0 1 0 1 
0 0 0 1 0 0 0 
0 1 1 0 1 0 1 
0 0 0 0 0 1 0 
0 1 1 0 1 0 1 

[frozenset({2}), frozenset({6}), frozenset({1, 4}), frozenset({3, 5, 7})]
1 0 0 1 0 0 0 
0 1 0 0 0 0 0 
0 0 1 0 1 0 1 
1 0 0 1 0 0 0 
0 0 1 0 1 0 1 
0 0 0 0 0 1 0 
0 0 1 0 1 0 1 

[frozenset({2}), frozenset({4}), frozenset({1, 6}), frozenset({3, 5, 7})]
1 0 0 0 0 1 0 
0 1 0 0 0 0 0 
0 0 1 0 1 0 1 
0 0 0 1 0 0 0 
0 0 1 0 1 0 1 
1 0 0 0 0 1 0 
0 0 1 0 1 0 1 

[frozenset({2}), frozenset({6}), frozenset({4}), frozenset({1, 3, 5, 7})]
1 0 1 0 1 0 1 
0 1 0 0 0 0 0 
1 0 1 0 1 0 1 
0 0 0 1 0 0 0 
1 0 1 0 1 0 1 
0 0 0 0 0 1 0 
1 0 1 0 1 0 1 

[frozenset({4}), frozenset({1, 6}), frozenset({2, 3}), frozenset({5, 7})]
1 0 0 0 0 1 0 
0 1 1 0 0 0 0 
0 1 1 0 0 0 0 
0 0 0 1 0 0 0 
0 0 0 0 1 0 1 
1 0 0 0 0 1 0 
0 0 0 0 1 0 1 

[frozenset({6}), frozenset({4}), frozenset({2, 3}), frozenset({1, 5, 7})]
1 0 0 0 1 0 1 
0 1 1 0 0 0 0 
0 1 1 0 0 0 0 
0 0 0 1 0 0 0 
1 0 0 0 1 0 1 
0 0 0 0 0 1 0 
1 0 0 0 1 0 1 

[frozenset({3}), frozenset({2, 4}), frozenset({5, 7}), frozenset({1, 6})]
1 0 0 0 0 1 0 
0 1 0 1 0 0 0 
0 0 1 0 0 0 0 
0 1 0 1 0 0 0 
0 0 0 0 1 0 1 
1 0 0 0 0 1 0 
0 0 0 0 1 0 1 

[frozenset({3}), frozenset({6}), frozenset({2, 4}), frozenset({1, 5, 7})]
1 0 0 0 1 0 1 
0 1 0 1 0 0 0 
0 0 1 0 0 0 0 
0 1 0 1 0 0 0 
1 0 0 0 1 0 1 
0 0 0 0 0 1 0 
1 0 0 0 1 0 1 

[frozenset({4}), frozenset({1, 3}), frozenset({5, 7}), frozenset({2, 6})]
1 0 1 0 0 0 0 
0 1 0 0 0 1 0 
1 0 1 0 0 0 0 
0 0 0 1 0 0 0 
0 0 0 0 1 0 1 
0 1 0 0 0 1 0 
0 0 0 0 1 0 1 

[frozenset({3}), frozenset({1, 4}), frozenset({5, 7}), frozenset({2, 6})]
1 0 0 1 0 0 0 
0 1 0 0 0 1 0 
0 0 1 0 0 0 0 
1 0 0 1 0 0 0 
0 0 0 0 1 0 1 
0 1 0 0 0 1 0 
0 0 0 0 1 0 1 

[frozenset({6}), frozenset({4}), frozenset({1, 3}), frozenset({2, 5, 7})]
1 0 1 0 0 0 0 
0 1 0 0 1 0 1 
1 0 1 0 0 0 0 
0 0 0 1 0 0 0 
0 1 0 0 1 0 1 
0 0 0 0 0 1 0 
0 1 0 0 1 0 1 

[frozenset({3}), frozenset({6}), frozenset({1, 4}), frozenset({2, 5, 7})]
1 0 0 1 0 0 0 
0 1 0 0 1 0 1 
0 0 1 0 0 0 0 
1 0 0 1 0 0 0 
0 1 0 0 1 0 1 
0 0 0 0 0 1 0 
0 1 0 0 1 0 1 

[frozenset({6}), frozenset({1}), frozenset({3, 7}), frozenset({2, 4, 5})]
1 0 0 0 0 0 0 
0 1 0 1 1 0 0 
0 0 1 0 0 0 1 
0 1 0 1 1 0 0 
0 1 0 1 1 0 0 
0 0 0 0 0 1 0 
0 0 1 0 0 0 1 

[frozenset({1}), frozenset({4, 5}), frozenset({3, 7}), frozenset({2, 6})]
1 0 0 0 0 0 0 
0 1 0 0 0 1 0 
0 0 1 0 0 0 1 
0 0 0 1 1 0 0 
0 0 0 1 1 0 0 
0 1 0 0 0 1 0 
0 0 1 0 0 0 1 

[frozenset({1}), frozenset({6}), frozenset({4, 5}), frozenset({2, 3, 7})]
1 0 0 0 0 0 0 
0 1 1 0 0 0 1 
0 1 1 0 0 0 1 
0 0 0 1 1 0 0 
0 0 0 1 1 0 0 
0 0 0 0 0 1 0 
0 1 1 0 0 0 1 

[frozenset({2}), frozenset({6}), frozenset({3, 7}), frozenset({1, 4, 5})]
1 0 0 1 1 0 0 
0 1 0 0 0 0 0 
0 0 1 0 0 0 1 
1 0 0 1 1 0 0 
1 0 0 1 1 0 0 
0 0 0 0 0 1 0 
0 0 1 0 0 0 1 

[frozenset({2}), frozenset({4, 5}), frozenset({3, 7}), frozenset({1, 6})]
1 0 0 0 0 1 0 
0 1 0 0 0 0 0 
0 0 1 0 0 0 1 
0 0 0 1 1 0 0 
0 0 0 1 1 0 0 
1 0 0 0 0 1 0 
0 0 1 0 0 0 1 

[frozenset({2}), frozenset({6}), frozenset({4, 5}), frozenset({1, 3, 7})]
1 0 1 0 0 0 1 
0 1 0 0 0 0 0 
1 0 1 0 0 0 1 
0 0 0 1 1 0 0 
0 0 0 1 1 0 0 
0 0 0 0 0 1 0 
1 0 1 0 0 0 1 

[frozenset({6}), frozenset({4, 5}), frozenset({1, 7}), frozenset({2, 3})]
1 0 0 0 0 0 1 
0 1 1 0 0 0 0 
0 1 1 0 0 0 0 
0 0 0 1 1 0 0 
0 0 0 1 1 0 0 
0 0 0 0 0 1 0 
1 0 0 0 0 0 1 

[frozenset({3}), frozenset({6}), frozenset({1, 7}), frozenset({2, 4, 5})]
1 0 0 0 0 0 1 
0 1 0 1 1 0 0 
0 0 1 0 0 0 0 
0 1 0 1 1 0 0 
0 1 0 1 1 0 0 
0 0 0 0 0 1 0 
1 0 0 0 0 0 1 

[frozenset({3}), frozenset({1, 7}), frozenset({4, 5}), frozenset({2, 6})]
1 0 0 0 0 0 1 
0 1 0 0 0 1 0 
0 0 1 0 0 0 0 
0 0 0 1 1 0 0 
0 0 0 1 1 0 0 
0 1 0 0 0 1 0 
1 0 0 0 0 0 1 

[frozenset({6}), frozenset({4, 5}), frozenset({2, 7}), frozenset({1, 3})]
1 0 1 0 0 0 0 
0 1 0 0 0 0 1 
1 0 1 0 0 0 0 
0 0 0 1 1 0 0 
0 0 0 1 1 0 0 
0 0 0 0 0 1 0 
0 1 0 0 0 0 1 

[frozenset({3}), frozenset({6}), frozenset({2, 7}), frozenset({1, 4, 5})]
1 0 0 1 1 0 0 
0 1 0 0 0 0 1 
0 0 1 0 0 0 0 
1 0 0 1 1 0 0 
1 0 0 1 1 0 0 
0 0 0 0 0 1 0 
0 1 0 0 0 0 1 

[frozenset({3}), frozenset({2, 7}), frozenset({4, 5}), frozenset({1, 6})]
1 0 0 0 0 1 0 
0 1 0 0 0 0 1 
0 0 1 0 0 0 0 
0 0 0 1 1 0 0 
0 0 0 1 1 0 0 
1 0 0 0 0 1 0 
0 1 0 0 0 0 1 

[frozenset({1}), frozenset({4, 6}), frozenset({2, 5}), frozenset({3, 7})]
1 0 0 0 0 0 0 
0 1 0 0 1 0 0 
0 0 1 0 0 0 1 
0 0 0 1 0 1 0 
0 1 0 0 1 0 0 
0 0 0 1 0 1 0 
0 0 1 0 0 0 1 

[frozenset({5}), frozenset({1}), frozenset({3, 7}), frozenset({2, 4, 6})]
1 0 0 0 0 0 0 
0 1 0 1 0 1 0 
0 0 1 0 0 0 1 
0 1 0 1 0 1 0 
0 0 0 0 1 0 0 
0 1 0 1 0 1 0 
0 0 1 0 0 0 1 

[frozenset({5}), frozenset({1}), frozenset({4, 6}), frozenset({2, 3, 7})]
1 0 0 0 0 0 0 
0 1 1 0 0 0 1 
0 1 1 0 0 0 1 
0 0 0 1 0 1 0 
0 0 0 0 1 0 0 
0 0 0 1 0 1 0 
0 1 1 0 0 0 1 

[frozenset({2}), frozenset({1, 5}), frozenset({4, 6}), frozenset({3, 7})]
1 0 0 0 1 0 0 
0 1 0 0 0 0 0 
0 0 1 0 0 0 1 
0 0 0 1 0 1 0 
1 0 0 0 1 0 0 
0 0 0 1 0 1 0 
0 0 1 0 0 0 1 

[frozenset({5}), frozenset({2}), frozenset({3, 7}), frozenset({1, 4, 6})]
1 0 0 1 0 1 0 
0 1 0 0 0 0 0 
0 0 1 0 0 0 1 
1 0 0 1 0 1 0 
0 0 0 0 1 0 0 
1 0 0 1 0 1 0 
0 0 1 0 0 0 1 

[frozenset({5}), frozenset({2}), frozenset({4, 6}), frozenset({1, 3, 7})]
1 0 1 0 0 0 1 
0 1 0 0 0 0 0 
1 0 1 0 0 0 1 
0 0 0 1 0 1 0 
0 0 0 0 1 0 0 
0 0 0 1 0 1 0 
1 0 1 0 0 0 1 

[frozenset({5}), frozenset({1, 7}), frozenset({4, 6}), frozenset({2, 3})]
1 0 0 0 0 0 1 
0 1 1 0 0 0 0 
0 1 1 0 0 0 0 
0 0 0 1 0 1 0 
0 0 0 0 1 0 0 
0 0 0 1 0 1 0 
1 0 0 0 0 0 1 

[frozenset({3}), frozenset({1, 7}), frozenset({4, 6}), frozenset({2, 5})]
1 0 0 0 0 0 1 
0 1 0 0 1 0 0 
0 0 1 0 0 0 0 
0 0 0 1 0 1 0 
0 1 0 0 1 0 0 
0 0 0 1 0 1 0 
1 0 0 0 0 0 1 

[frozenset({3}), frozenset({5}), frozenset({1, 7}), frozenset({2, 4, 6})]
1 0 0 0 0 0 1 
0 1 0 1 0 1 0 
0 0 1 0 0 0 0 
0 1 0 1 0 1 0 
0 0 0 0 1 0 0 
0 1 0 1 0 1 0 
1 0 0 0 0 0 1 

[frozenset({5}), frozenset({2, 7}), frozenset({1, 3}), frozenset({4, 6})]
1 0 1 0 0 0 0 
0 1 0 0 0 0 1 
1 0 1 0 0 0 0 
0 0 0 1 0 1 0 
0 0 0 0 1 0 0 
0 0 0 1 0 1 0 
0 1 0 0 0 0 1 

[frozenset({3}), frozenset({2, 7}), frozenset({1, 5}), frozenset({4, 6})]
1 0 0 0 1 0 0 
0 1 0 0 0 0 1 
0 0 1 0 0 0 0 
0 0 0 1 0 1 0 
1 0 0 0 1 0 0 
0 0 0 1 0 1 0 
0 1 0 0 0 0 1 

[frozenset({3}), frozenset({5}), frozenset({2, 7}), frozenset({1, 4, 6})]
1 0 0 1 0 1 0 
0 1 0 0 0 0 1 
0 0 1 0 0 0 0 
1 0 0 1 0 1 0 
0 0 0 0 1 0 0 
1 0 0 1 0 1 0 
0 1 0 0 0 0 1 

[frozenset({1}), frozenset({6}), frozenset({4, 7}), frozenset({2, 3, 5})]
1 0 0 0 0 0 0 
0 1 1 0 1 0 0 
0 1 1 0 1 0 0 
0 0 0 1 0 0 1 
0 1 1 0 1 0 0 
0 0 0 0 0 1 0 
0 0 0 1 0 0 1 

[frozenset({1}), frozenset({3, 5}), frozenset({4, 7}), frozenset({2, 6})]
1 0 0 0 0 0 0 
0 1 0 0 0 1 0 
0 0 1 0 1 0 0 
0 0 0 1 0 0 1 
0 0 1 0 1 0 0 
0 1 0 0 0 1 0 
0 0 0 1 0 0 1 

[frozenset({1}), frozenset({6}), frozenset({3, 5}), frozenset({2, 4, 7})]
1 0 0 0 0 0 0 
0 1 0 1 0 0 1 
0 0 1 0 1 0 0 
0 1 0 1 0 0 1 
0 0 1 0 1 0 0 
0 0 0 0 0 1 0 
0 1 0 1 0 0 1 

[frozenset({2}), frozenset({6}), frozenset({4, 7}), frozenset({1, 3, 5})]
1 0 1 0 1 0 0 
0 1 0 0 0 0 0 
1 0 1 0 1 0 0 
0 0 0 1 0 0 1 
1 0 1 0 1 0 0 
0 0 0 0 0 1 0 
0 0 0 1 0 0 1 

[frozenset({2}), frozenset({1, 6}), frozenset({3, 5}), frozenset({4, 7})]
1 0 0 0 0 1 0 
0 1 0 0 0 0 0 
0 0 1 0 1 0 0 
0 0 0 1 0 0 1 
0 0 1 0 1 0 0 
1 0 0 0 0 1 0 
0 0 0 1 0 0 1 

[frozenset({2}), frozenset({6}), frozenset({3, 5}), frozenset({1, 4, 7})]
1 0 0 1 0 0 1 
0 1 0 0 0 0 0 
0 0 1 0 1 0 0 
1 0 0 1 0 0 1 
0 0 1 0 1 0 0 
0 0 0 0 0 1 0 
1 0 0 1 0 0 1 

[frozenset({1}), frozenset({2, 5}), frozenset({3, 6}), frozenset({4, 7})]
1 0 0 0 0 0 0 
0 1 0 0 1 0 0 
0 0 1 0 0 1 0 
0 0 0 1 0 0 1 
0 1 0 0 1 0 0 
0 0 1 0 0 1 0 
0 0 0 1 0 0 1 

[frozenset({5}), frozenset({1}), frozenset({4, 7}), frozenset({2, 3, 6})]
1 0 0 0 0 0 0 
0 1 1 0 0 1 0 
0 1 1 0 0 1 0 
0 0 0 1 0 0 1 
0 0 0 0 1 0 0 
0 1 1 0 0 1 0 
0 0 0 1 0 0 1 

[frozenset({5}), frozenset({1}), frozenset({3, 6}), frozenset({2, 4, 7})]
1 0 0 0 0 0 0 
0 1 0 1 0 0 1 
0 0 1 0 0 1 0 
0 1 0 1 0 0 1 
0 0 0 0 1 0 0 
0 0 1 0 0 1 0 
0 1 0 1 0 0 1 

[frozenset({2}), frozenset({3, 6}), frozenset({1, 5}), frozenset({4, 7})]
1 0 0 0 1 0 0 
0 1 0 0 0 0 0 
0 0 1 0 0 1 0 
0 0 0 1 0 0 1 
1 0 0 0 1 0 0 
0 0 1 0 0 1 0 
0 0 0 1 0 0 1 

[frozenset({5}), frozenset({2}), frozenset({4, 7}), frozenset({1, 3, 6})]
1 0 1 0 0 1 0 
0 1 0 0 0 0 0 
1 0 1 0 0 1 0 
0 0 0 1 0 0 1 
0 0 0 0 1 0 0 
1 0 1 0 0 1 0 
0 0 0 1 0 0 1 

[frozenset({5}), frozenset({2}), frozenset({3, 6}), frozenset({1, 4, 7})]
1 0 0 1 0 0 1 
0 1 0 0 0 0 0 
0 0 1 0 0 1 0 
1 0 0 1 0 0 1 
0 0 0 0 1 0 0 
0 0 1 0 0 1 0 
1 0 0 1 0 0 1 

[frozenset({6}), frozenset({1, 5}), frozenset({2, 3}), frozenset({4, 7})]
1 0 0 0 1 0 0 
0 1 1 0 0 0 0 
0 1 1 0 0 0 0 
0 0 0 1 0 0 1 
1 0 0 0 1 0 0 
0 0 0 0 0 1 0 
0 0 0 1 0 0 1 

[frozenset({5}), frozenset({2, 3}), frozenset({1, 6}), frozenset({4, 7})]
1 0 0 0 0 1 0 
0 1 1 0 0 0 0 
0 1 1 0 0 0 0 
0 0 0 1 0 0 1 
0 0 0 0 1 0 0 
1 0 0 0 0 1 0 
0 0 0 1 0 0 1 

[frozenset({6}), frozenset({1, 3}), frozenset({2, 5}), frozenset({4, 7})]
1 0 1 0 0 0 0 
0 1 0 0 1 0 0 
1 0 1 0 0 0 0 
0 0 0 1 0 0 1 
0 1 0 0 1 0 0 
0 0 0 0 0 1 0 
0 0 0 1 0 0 1 

[frozenset({3}), frozenset({6}), frozenset({2, 5}), frozenset({1, 4, 7})]
1 0 0 1 0 0 1 
0 1 0 0 1 0 0 
0 0 1 0 0 0 0 
1 0 0 1 0 0 1 
0 1 0 0 1 0 0 
0 0 0 0 0 1 0 
1 0 0 1 0 0 1 

[frozenset({5}), frozenset({1, 3}), frozenset({4, 7}), frozenset({2, 6})]
1 0 1 0 0 0 0 
0 1 0 0 0 1 0 
1 0 1 0 0 0 0 
0 0 0 1 0 0 1 
0 0 0 0 1 0 0 
0 1 0 0 0 1 0 
0 0 0 1 0 0 1 

[frozenset({3}), frozenset({5}), frozenset({2, 6}), frozenset({1, 4, 7})]
1 0 0 1 0 0 1 
0 1 0 0 0 1 0 
0 0 1 0 0 0 0 
1 0 0 1 0 0 1 
0 0 0 0 1 0 0 
0 1 0 0 0 1 0 
1 0 0 1 0 0 1 

[frozenset({3}), frozenset({6}), frozenset({1, 5}), frozenset({2, 4, 7})]
1 0 0 0 1 0 0 
0 1 0 1 0 0 1 
0 0 1 0 0 0 0 
0 1 0 1 0 0 1 
1 0 0 0 1 0 0 
0 0 0 0 0 1 0 
0 1 0 1 0 0 1 

[frozenset({3}), frozenset({5}), frozenset({1, 6}), frozenset({2, 4, 7})]
1 0 0 0 0 1 0 
0 1 0 1 0 0 1 
0 0 1 0 0 0 0 
0 1 0 1 0 0 1 
0 0 0 0 1 0 0 
1 0 0 0 0 1 0 
0 1 0 1 0 0 1 

[frozenset({6}), frozenset({2, 4}), frozenset({1, 7}), frozenset({3, 5})]
1 0 0 0 0 0 1 
0 1 0 1 0 0 0 
0 0 1 0 1 0 0 
0 1 0 1 0 0 0 
0 0 1 0 1 0 0 
0 0 0 0 0 1 0 
1 0 0 0 0 0 1 

[frozenset({6}), frozenset({4}), frozenset({1, 7}), frozenset({2, 3, 5})]
1 0 0 0 0 0 1 
0 1 1 0 1 0 0 
0 1 1 0 1 0 0 
0 0 0 1 0 0 0 
0 1 1 0 1 0 0 
0 0 0 0 0 1 0 
1 0 0 0 0 0 1 

[frozenset({4}), frozenset({1, 7}), frozenset({2, 6}), frozenset({3, 5})]
1 0 0 0 0 0 1 
0 1 0 0 0 1 0 
0 0 1 0 1 0 0 
0 0 0 1 0 0 0 
0 0 1 0 1 0 0 
0 1 0 0 0 1 0 
1 0 0 0 0 0 1 

[frozenset({6}), frozenset({2, 7}), frozenset({1, 4}), frozenset({3, 5})]
1 0 0 1 0 0 0 
0 1 0 0 0 0 1 
0 0 1 0 1 0 0 
1 0 0 1 0 0 0 
0 0 1 0 1 0 0 
0 0 0 0 0 1 0 
0 1 0 0 0 0 1 

[frozenset({6}), frozenset({4}), frozenset({2, 7}), frozenset({1, 3, 5})]
1 0 1 0 1 0 0 
0 1 0 0 0 0 1 
1 0 1 0 1 0 0 
0 0 0 1 0 0 0 
1 0 1 0 1 0 0 
0 0 0 0 0 1 0 
0 1 0 0 0 0 1 

[frozenset({4}), frozenset({1, 6}), frozenset({2, 7}), frozenset({3, 5})]
1 0 0 0 0 1 0 
0 1 0 0 0 0 1 
0 0 1 0 1 0 0 
0 0 0 1 0 0 0 
0 0 1 0 1 0 0 
1 0 0 0 0 1 0 
0 1 0 0 0 0 1 

[frozenset({5}), frozenset({2, 4}), frozenset({3, 6}), frozenset({1, 7})]
1 0 0 0 0 0 1 
0 1 0 1 0 0 0 
0 0 1 0 0 1 0 
0 1 0 1 0 0 0 
0 0 0 0 1 0 0 
0 0 1 0 0 1 0 
1 0 0 0 0 0 1 

[frozenset({4}), frozenset({1, 7}), frozenset({3, 6}), frozenset({2, 5})]
1 0 0 0 0 0 1 
0 1 0 0 1 0 0 
0 0 1 0 0 1 0 
0 0 0 1 0 0 0 
0 1 0 0 1 0 0 
0 0 1 0 0 1 0 
1 0 0 0 0 0 1 

[frozenset({5}), frozenset({4}), frozenset({1, 7}), frozenset({2, 3, 6})]
1 0 0 0 0 0 1 
0 1 1 0 0 1 0 
0 1 1 0 0 1 0 
0 0 0 1 0 0 0 
0 0 0 0 1 0 0 
0 1 1 0 0 1 0 
1 0 0 0 0 0 1 

[frozenset({5}), frozenset({1, 4}), frozenset({2, 7}), frozenset({3, 6})]
1 0 0 1 0 0 0 
0 1 0 0 0 0 1 
0 0 1 0 0 1 0 
1 0 0 1 0 0 0 
0 0 0 0 1 0 0 
0 0 1 0 0 1 0 
0 1 0 0 0 0 1 

[frozenset({4}), frozenset({2, 7}), frozenset({3, 6}), frozenset({1, 5})]
1 0 0 0 1 0 0 
0 1 0 0 0 0 1 
0 0 1 0 0 1 0 
0 0 0 1 0 0 0 
1 0 0 0 1 0 0 
0 0 1 0 0 1 0 
0 1 0 0 0 0 1 

[frozenset({5}), frozenset({4}), frozenset({2, 7}), frozenset({1, 3, 6})]
1 0 1 0 0 1 0 
0 1 0 0 0 0 1 
1 0 1 0 0 1 0 
0 0 0 1 0 0 0 
0 0 0 0 1 0 0 
1 0 1 0 0 1 0 
0 1 0 0 0 0 1 

[frozenset({6}), frozenset({2, 4}), frozenset({1, 5}), frozenset({3, 7})]
1 0 0 0 1 0 0 
0 1 0 1 0 0 0 
0 0 1 0 0 0 1 
0 1 0 1 0 0 0 
1 0 0 0 1 0 0 
0 0 0 0 0 1 0 
0 0 1 0 0 0 1 

[frozenset({5}), frozenset({2, 4}), frozenset({3, 7}), frozenset({1, 6})]
1 0 0 0 0 1 0 
0 1 0 1 0 0 0 
0 0 1 0 0 0 1 
0 1 0 1 0 0 0 
0 0 0 0 1 0 0 
1 0 0 0 0 1 0 
0 0 1 0 0 0 1 

[frozenset({6}), frozenset({1, 4}), frozenset({2, 5}), frozenset({3, 7})]
1 0 0 1 0 0 0 
0 1 0 0 1 0 0 
0 0 1 0 0 0 1 
1 0 0 1 0 0 0 
0 1 0 0 1 0 0 
0 0 0 0 0 1 0 
0 0 1 0 0 0 1 

[frozenset({6}), frozenset({4}), frozenset({2, 5}), frozenset({1, 3, 7})]
1 0 1 0 0 0 1 
0 1 0 0 1 0 0 
1 0 1 0 0 0 1 
0 0 0 1 0 0 0 
0 1 0 0 1 0 0 
0 0 0 0 0 1 0 
1 0 1 0 0 0 1 

[frozenset({5}), frozenset({1, 4}), frozenset({3, 7}), frozenset({2, 6})]
1 0 0 1 0 0 0 
0 1 0 0 0 1 0 
0 0 1 0 0 0 1 
1 0 0 1 0 0 0 
0 0 0 0 1 0 0 
0 1 0 0 0 1 0 
0 0 1 0 0 0 1 

[frozenset({5}), frozenset({4}), frozenset({2, 6}), frozenset({1, 3, 7})]
1 0 1 0 0 0 1 
0 1 0 0 0 1 0 
1 0 1 0 0 0 1 
0 0 0 1 0 0 0 
0 0 0 0 1 0 0 
0 1 0 0 0 1 0 
1 0 1 0 0 0 1 

[frozenset({6}), frozenset({4}), frozenset({1, 5}), frozenset({2, 3, 7})]
1 0 0 0 1 0 0 
0 1 1 0 0 0 1 
0 1 1 0 0 0 1 
0 0 0 1 0 0 0 
1 0 0 0 1 0 0 
0 0 0 0 0 1 0 
0 1 1 0 0 0 1 

[frozenset({5}), frozenset({4}), frozenset({1, 6}), frozenset({2, 3, 7})]
1 0 0 0 0 1 0 
0 1 1 0 0 0 1 
0 1 1 0 0 0 1 
0 0 0 1 0 0 0 
0 0 0 0 1 0 0 
1 0 0 0 0 1 0 
0 1 1 0 0 0 1 

